wavenumber_mid,wavenumber_pos_axis,wavenumber_neg_axis,raw_pos,raw_neg,denoised_pos,denoised_neg
200.0,200.0,200.0,-5.627325597585131e-08,1.403131489237182e-08,-2.3975588183550817e-09,-2.7719269211228847e-09
208.0,208.0,208.0,-4.799118805491867e-08,-1.1281340437765132e-08,-1.905079090665168e-09,-2.224334438356363e-09
216.0,216.0,216.0,-4.342082258911491e-08,-3.1529425040551197e-08,-2.481550703459989e-09,-2.9588505716228724e-09
224.0,224.0,224.0,-4.171050689556123e-08,-4.751442125256524e-08,-1.6098461445164286e-09,-1.885221927261338e-09
232.0,232.0,232.0,-4.2248280752999074e-08,-6.01807449515646e-08,-2.0584498352720327e-09,-2.8439018934371753e-09
240.0,240.0,240.0,-4.520586224831415e-08,-7.016517743506132e-08,-1.7127268377381477e-09,-1.9722507586749594e-09
248.0,248.0,248.0,-5.076939601336212e-08,-7.82243072552453e-08,-2.057998249739155e-09,-3.3641858835068214e-09
256.0,256.0,256.0,-5.899571462505741e-08,-8.498988106853884e-08,-1.457528091482856e-09,-2.6733299064418294e-09
264.0,264.0,264.0,-6.742095128796689e-08,-9.153703263641248e-08,-1.707711012712261e-09,-3.750413818532042e-09
272.0,272.0,272.0,-7.413124888162894e-08,-9.719393708640107e-08,-7.825224642208296e-10,-2.6952775009414894e-09
280.0,280.0,280.0,-7.756117540428802e-08,-1.0094278513961822e-07,-1.3493311882156129e-09,-3.6671164477846173e-09
288.0,288.0,288.0,-7.628986536091004e-08,-1.0159199310331179e-07,-4.511803995020716e-10,-2.74602896121397e-09
296.0,296.0,296.0,-6.909328541259464e-08,-9.782055502141426e-08,-7.349503307403639e-10,-3.4111359948758744e-09
304.0,304.0,304.0,-5.854660206057447e-08,-9.084804213767973e-08,1.2920596258110764e-10,-2.325445749572032e-09
312.0,312.0,312.0,-4.402511392034193e-08,-8.079631265774779e-08,-1.5883891116819476e-10,-2.916946861383495e-09
320.0,320.0,320.0,-2.5167356340929127e-08,-6.777346755656008e-08,6.173313254904178e-10,-1.7951442214985144e-09
328.0,328.0,328.0,-1.887465742877822e-09,-5.1982306370506234e-08,7.001653086649036e-10,-1.8614238064801887e-09
336.0,336.0,336.0,2.2778794121112406e-08,-3.385847205034747e-08,1.2535107189593578e-09,-7.517896999004905e-10
344.0,344.0,344.0,4.497418274189337e-08,-1.5857202882228026e-08,1.4101909067999087e-09,-8.27555353081997e-10
352.0,352.0,352.0,6.373328769843636e-08,1.095558346800461e-09,1.9854781155743488e-09,2.3792349961560774e-10
360.0,360.0,360.0,7.876919896084421e-08,1.6303368044706206e-08,2.202293603540205e-09,1.7867814051114864e-10
368.0,368.0,368.0,9.049241853053888e-08,2.9139255391278164e-08,2.7255784197959577e-09,1.0995975845113868e-09
376.0,376.0,376.0,1.0057432360089986e-07,3.803843107094233e-08,2.844858824685415e-09,9.792091318607343e-10
384.0,384.0,384.0,1.101026493201723e-07,4.3087705682371566e-08,3.2645481052929634e-09,1.8584886685170568e-09
392.0,392.0,392.0,1.1977995525714824e-07,4.408150028774173e-08,3.287427094954183e-09,1.5211388194052713e-09
400.0,400.0,400.0,1.30243503862973e-07,4.127833147657031e-08,3.4731859975005105e-09,2.345304424980994e-09
408.0,408.0,408.0,1.4223718553473342e-07,3.566550500020149e-08,3.569537348558809e-09,1.8598654331903935e-09
416.0,416.0,416.0,1.5494316812035225e-07,3.094604910832012e-08,3.572477358538479e-09,2.8618241942732417e-09
424.0,424.0,424.0,1.668917987591899e-07,2.8561986615777425e-08,3.55831860647753e-09,2.2549219661837065e-09
432.0,432.0,432.0,1.760540821479558e-07,2.8887603977064055e-08,3.5669064596284305e-09,3.1897314033326093e-09
440.0,440.0,440.0,1.8041485010229466e-07,3.197612646084967e-08,3.772762598393499e-09,2.6334653871243512e-09
448.0,448.0,448.0,1.773379398179259e-07,3.810495660875888e-08,3.887290603151248e-09,3.7235451513281255e-09
456.0,456.0,456.0,1.697547972774493e-07,4.5484555034318414e-08,4.099285146752727e-09,3.523066710817298e-09
464.0,464.0,464.0,1.593569328625852e-07,5.243377900700028e-08,4.334939882667167e-09,4.641062121778892e-09
472.0,472.0,472.0,1.4650627087386169e-07,5.851509321761978e-08,4.56161330809514e-09,4.588510871397143e-09
480.0,480.0,480.0,1.313926277635982e-07,6.370785375610252e-08,4.6798043972869875e-09,5.858263213487617e-09
488.0,488.0,488.0,1.150670150993841e-07,6.814829430088471e-08,4.841637330618193e-09,5.865789639035572e-09
496.0,496.0,496.0,1.0004915113023659e-07,7.158046799917168e-08,4.698037499178048e-09,7.17918718527681e-09
504.0,504.0,504.0,8.722851420343118e-08,7.452848287001349e-08,4.843261224130392e-09,7.054210217050745e-09
512.0,512.0,512.0,7.687287841190934e-08,7.718376817120409e-08,4.355160095303343e-09,8.398614620542712e-09
520.0,520.0,520.0,6.879387345226051e-08,7.957849937196102e-08,4.557561134340304e-09,8.336031048106908e-09
528.0,528.0,528.0,6.210297253243918e-08,8.120241707624242e-08,3.6178969847124003e-09,9.56813782241199e-09
536.0,536.0,536.0,5.522653984684253e-08,8.227142755292788e-08,3.779796782270572e-09,9.551808166982052e-09
544.0,544.0,544.0,4.7789173417193324e-08,8.234466504952774e-08,2.6312434115820017e-09,1.0563924242543234e-08
552.0,552.0,552.0,3.972708678697265e-08,8.155207867914564e-08,2.655611222296926e-09,1.0511361568122708e-08
560.0,560.0,560.0,3.131873888539096e-08,8.070308174928163e-08,1.2267770402136506e-09,1.122627455484763e-08
568.0,568.0,568.0,2.250812235433497e-08,8.283350101284913e-08,9.577102668842569e-10,1.1031528965796587e-08
576.0,576.0,576.0,1.2914017019777974e-08,8.802436381689013e-08,-8.278290260109617e-10,1.092638883290535e-08
584.0,584.0,584.0,3.0892993184225293e-09,9.587821038025364e-08,-1.5606280254487736e-09,1.0208057370576638e-08
592.0,592.0,592.0,-6.122698799096751e-09,1.05443652129514e-07,-3.9465917804451785e-09,9.049995839613245e-09
600.0,600.0,600.0,-1.3061857521612794e-08,1.1461524678188638e-07,-5.6187616005152084e-09,6.66276687232216e-09
608.0,608.0,608.0,-1.7549577458881766e-08,1.1943180431537285e-07,-8.803642491383073e-09,3.4848465810815917e-09
616.0,616.0,616.0,-2.169140707004887e-08,1.191935929467801e-07,-1.207449532207701e-08,-1.747352427272425e-09
624.0,624.0,624.0,-2.550097052936046e-08,1.1277093920950612e-07,-1.6672513681746693e-08,-8.720627361593698e-09
632.0,632.0,632.0,-2.9062389082360554e-08,9.927487547800902e-08,-2.142188577117662e-08,-1.9035764263644732e-08
640.0,640.0,640.0,-3.3688081839969155e-08,7.695092206882338e-08,-2.720409042248847e-08,-3.3017600972066124e-08
648.0,648.0,648.0,-4.605793426061633e-08,4.7465026396897666e-08,-3.243775170780609e-08,-5.191289659889935e-08
656.0,656.0,656.0,-6.459920295772852e-08,1.2247628645766645e-08,-3.7972297982457934e-08,-7.520165712305902e-08
664.0,664.0,664.0,-8.639631733059385e-08,-2.8349002212815935e-08,-4.130536747234221e-08,-1.037485075594577e-07
672.0,672.0,672.0,-1.0783334600117204e-07,-7.387690945829056e-08,-4.4761614980346136e-08,-1.367242293493677e-07
680.0,680.0,680.0,-1.249575446721336e-07,-1.244269101669298e-07,-4.541552158398892e-08,-1.741525844934476e-07
688.0,688.0,688.0,-1.3624874203935742e-07,-1.789856248988841e-07,-4.664243109265223e-08,-2.159925862285705e-07
696.0,696.0,696.0,-1.4177752522244685e-07,-2.3590593843112953e-07,-4.68743310158212e-08,-2.6058072247605453e-07
704.0,704.0,704.0,-1.4198559863273828e-07,-2.9342025897169256e-07,-4.83777775271711e-08,-3.087876071351411e-07
712.0,712.0,712.0,-1.378409896201367e-07,-3.493007430543056e-07,-5.068028851089259e-08,-3.5768389087034725e-07
720.0,720.0,720.0,-1.3040166631984503e-07,-3.979745456503143e-07,-5.3358201472891296e-08,-4.052200849968191e-07
728.0,728.0,728.0,-1.2096761445657895e-07,-4.396367517099215e-07,-5.574801899296905e-08,-4.484686895293512e-07
736.0,736.0,736.0,-1.0991230601806452e-07,-4.740251190629636e-07,-5.850120158646556e-08,-4.850124531267435e-07
744.0,744.0,744.0,-9.78237376242174e-08,-5.001722224735794e-07,-5.981372956175509e-08,-5.138578016003741e-07
752.0,752.0,752.0,-8.559425304003957e-08,-5.165490363355926e-07,-6.149073544624083e-08,-5.306838785553811e-07
760.0,760.0,760.0,-7.643442649161324e-08,-5.198019574574185e-07,-6.148482182616743e-08,-5.341594528489885e-07
768.0,768.0,768.0,-7.161663784994786e-08,-5.113475451434742e-07,-6.316032242554358e-08,-5.250099858877271e-07
776.0,776.0,776.0,-7.388514014222908e-08,-4.896628809443136e-07,-6.592475702523427e-08,-5.011818817088011e-07
784.0,784.0,784.0,-8.554151430102141e-08,-4.537660458788775e-07,-7.28796365691136e-08,-4.6435753296698097e-07
792.0,792.0,792.0,-1.0929544018015418e-07,-4.02361419549268e-07,-8.401041355180103e-08,-4.10927524018344e-07
800.0,800.0,800.0,-1.3990144538221772e-07,-3.294918361342792e-07,-9.814154631899803e-08,-3.419208677638063e-07
808.0,808.0,808.0,-1.714572962404696e-07,-2.398972234032828e-07,-1.169741145649073e-07,-2.596507143272033e-07
816.0,816.0,816.0,-2.0363226011225973e-07,-1.3671850926595126e-07,-1.360350990741605e-07,-1.6764953777928496e-07
824.0,824.0,824.0,-2.3644175541792492e-07,-2.401511972573803e-08,-1.624746256213874e-07,-6.705595728101883e-08
832.0,832.0,832.0,-2.6987448176710673e-07,9.237502485692173e-08,-1.9225112195973786e-07,3.467114591291523e-08
840.0,840.0,840.0,-3.0398148982909327e-07,2.028331472557239e-07,-2.295221318017195e-07,1.3681894403887046e-07
848.0,848.0,848.0,-3.386265943096126e-07,3.0461695669014355e-07,-2.690205765325818e-07,2.2804458694629106e-07
856.0,856.0,856.0,-3.729136129666332e-07,3.9559400176171525e-07,-3.067699659823914e-07,3.1033852388762557e-07
864.0,864.0,864.0,-4.054383943458558e-07,4.7378900434148773e-07,-3.455862800138061e-07,3.7970296490864003e-07
872.0,872.0,872.0,-4.32205976278645e-07,5.328935510799686e-07,-3.7739424462384147e-07,4.348065928502662e-07
880.0,880.0,880.0,-4.5487707531419357e-07,5.727825312804777e-07,-4.080386668523091e-07,4.7496398688988844e-07
888.0,888.0,888.0,-4.733040874954695e-07,5.96128256093999e-07,-4.2722378362292105e-07,4.978956722819801e-07
896.0,896.0,896.0,-4.817775524180867e-07,6.028519776052276e-07,-4.382430297310243e-07,5.058020747997414e-07
904.0,904.0,904.0,-4.7273263825972287e-07,5.93147361495549e-07,-4.296469485841945e-07,4.97877737885103e-07
912.0,912.0,912.0,-4.3430090306973565e-07,5.668853833269984e-07,-4.0440452152444276e-07,4.768849457304564e-07
920.0,920.0,920.0,-3.769184455047728e-07,5.296386085752812e-07,-3.55657605080254e-07,4.416611451415913e-07
928.0,928.0,928.0,-3.058943416341424e-07,4.837200153316488e-07,-2.906218049285251e-07,3.963200652822899e-07
936.0,936.0,936.0,-2.2414772635865513e-07,4.3156812246549237e-07,-2.087483801345913e-07,3.416988597142146e-07
944.0,944.0,944.0,-1.341706636894577e-07,3.763742634335827e-07,-1.1887709600045212e-07,2.833301393454478e-07
952.0,952.0,952.0,-3.8420488559811254e-08,3.2043535278464453e-07,-2.2205237486212286e-08,2.2450361876670842e-07
960.0,960.0,960.0,5.876438455982278e-08,2.624984987138193e-07,7.596734189812543e-08,1.6858829808584483e-07
968.0,968.0,968.0,1.5562310540435444e-07,2.0218436937349023e-07,1.7284625506719863e-07,1.1726280674485383e-07
976.0,976.0,976.0,2.503639653639472e-07,1.3999191301730412e-07,2.644589175283315e-07,6.848378471968479e-08
984.0,984.0,984.0,3.407469819231283e-07,7.748671755154576e-08,3.516561056734285e-07,2.1681495036403127e-08
992.0,992.0,992.0,4.198928300984834e-07,1.774059545127973e-08,4.2630611881196844e-07,-2.237502827055589e-08
1000.0,1000.0,1000.0,4.84252628211568e-07,-3.7558659074387975e-08,4.854929831418709e-07,-5.817736637522832e-08
1008.0,1008.0,1008.0,5.300417669357756e-07,-8.562453077481534e-08,5.248849181991931e-07,-8.733847528068679e-08
1016.0,1016.0,1016.0,5.538791178660892e-07,-1.240484062261232e-07,5.430043361203607e-07,-1.0470623445839842e-07
1024.0,1024.0,1024.0,5.498966065557176e-07,-1.4970530278876427e-07,5.418641471620646e-07,-1.1451774731493088e-07
1032.0,1032.0,1032.0,5.230582332146316e-07,-1.6067478847195903e-07,5.237921242177762e-07,-1.143712078095122e-07
1040.0,1040.0,1040.0,4.895244377223773e-07,-1.5935543832951208e-07,4.948565446538621e-07,-1.0911238675879143e-07
1048.0,1048.0,1048.0,4.509553345141034e-07,-1.4727168684801566e-07,4.587216164922347e-07,-1.0092029187926634e-07
1056.0,1056.0,1056.0,4.069593774287324e-07,-1.2689910441462994e-07,4.1682656433024675e-07,-9.008049726029933e-08
1064.0,1064.0,1064.0,3.5365131807804526e-07,-1.0281956386221966e-07,3.725919550427866e-07,-8.20578007157857e-08
1072.0,1072.0,1072.0,2.949533918558109e-07,-8.061745790663715e-08,3.2506479262697235e-07,-7.204480007131624e-08
1080.0,1080.0,1080.0,2.3484589515288264e-07,-6.1247266331801e-08,2.768765735032447e-07,-6.791124952825188e-08
1088.0,1088.0,1088.0,1.7536838177239118e-07,-4.4991802641702956e-08,2.2983054321660168e-07,-5.898547868631219e-08
1096.0,1096.0,1096.0,1.1828499210259454e-07,-3.192592251443569e-08,1.8321523951203159e-07,-5.298816476082611e-08
1104.0,1104.0,1104.0,6.628896613351803e-08,-2.3418983814194043e-08,1.427729380093098e-07,-4.2982034667678285e-08
1112.0,1112.0,1112.0,2.078843088495584e-08,-1.832693491357031e-08,1.0456216792137407e-07,-3.468075823354362e-08
1120.0,1120.0,1120.0,-1.866768576622658e-08,-1.4352906959994857e-08,7.519880783338731e-08,-2.5850785348783764e-08
1128.0,1128.0,1128.0,-5.142370581837355e-08,-1.0580373514379201e-08,5.1109332399253736e-08,-1.871474070995148e-08
1136.0,1136.0,1136.0,-7.655659650631129e-08,-6.50687981517384e-09,3.4016739339575335e-08,-1.237473384521685e-08
1144.0,1144.0,1144.0,-8.958233928133497e-08,-7.100827183288958e-10,2.2028793879286114e-08,-8.021418396175038e-09
1152.0,1152.0,1152.0,-9.601801911082515e-08,8.714168747670358e-09,1.3691285770165419e-08,-4.479161316217299e-09
1160.0,1160.0,1160.0,-9.807610942487682e-08,2.029762192293723e-08,8.549020827086647e-09,-2.6455898202799388e-09
1168.0,1168.0,1168.0,-9.622639357813853e-08,3.266041563162407e-08,4.772883433237628e-09,-8.527193184994158e-10
1176.0,1176.0,1176.0,-8.968814469648446e-08,4.422533565598139e-08,2.259301069048282e-09,-1.0073813994896363e-10
1184.0,1184.0,1184.0,-7.578041774362374e-08,5.37033203403745e-08,9.462390199458666e-10,7.697356888169648e-10
1192.0,1192.0,1192.0,-5.6532632728288566e-08,5.8777539676476955e-08,9.906947428478824e-11,1.0114863254235364e-09
1200.0,1200.0,1200.0,-3.2424693359480385e-08,5.81669315238079e-08,1.9503228202420204e-11,1.5771994336993246e-09
1208.0,1208.0,1208.0,-4.318835684002527e-09,5.1721418956941135e-08,-1.0329800663826207e-10,1.4915977671301203e-09
1216.0,1216.0,1216.0,2.648213417985568e-08,4.0571981814913026e-08,-3.514025928128958e-11,1.898527404425902e-09
1224.0,1224.0,1224.0,5.574975007084508e-08,2.7680378759217774e-08,3.5371012264565347e-10,1.489857953224437e-09
1232.0,1232.0,1232.0,7.95098960030914e-08,1.5563648093775683e-08,1.319410538651944e-10,1.8723708916393465e-09
1240.0,1240.0,1240.0,9.559006655416846e-08,5.580383550243451e-09,4.3137745828229537e-10,1.0821155291697044e-09
1248.0,1248.0,1248.0,1.0275927719358054e-07,-1.1405910676610582e-09,2.1222940839871188e-10,1.269633397686726e-09
1256.0,1256.0,1256.0,1.0046222286838133e-07,-3.181562543603954e-09,7.939140788889133e-10,2.651661990891521e-10
1264.0,1264.0,1264.0,9.261194598113484e-08,-8.112046975807766e-10,5.676562448716371e-10,4.81357501936253e-10
1272.0,1272.0,1272.0,8.572257321961396e-08,3.8698474399415824e-09,1.1876277833240834e-09,-2.2591437785143697e-10
1280.0,1280.0,1280.0,8.282412523702369e-08,9.693681960563276e-09,1.1179750828925914e-09,-8.130528298541396e-11
1288.0,1288.0,1288.0,8.566374882793845e-08,1.5416111336971904e-08,1.5733186205261604e-09,-4.2684866690961213e-10
1296.0,1296.0,1296.0,9.301634082582644e-08,1.8856560071347938e-08,1.6089696855413465e-09,-3.670623459688938e-10
1304.0,1304.0,1304.0,1.0347467469395011e-07,1.7650404681133116e-08,2.4117909866652376e-09,-6.588592604542507e-10
1312.0,1312.0,1312.0,1.1702882092660443e-07,1.2344431918358961e-08,2.1881721476058553e-09,-2.648679350767146e-10
1320.0,1320.0,1320.0,1.3253650467041283e-07,3.822754528087804e-09,2.8640905219661418e-09,-6.27786042978266e-10
1328.0,1328.0,1328.0,1.4808820725164026e-07,-6.587262040025993e-09,2.213035224001926e-09,-4.7355339244571874e-11
1336.0,1336.0,1336.0,1.5938324309589353e-07,-1.7082585601708745e-08,2.699435515055594e-09,-4.1068109002984004e-10
1344.0,1344.0,1344.0,1.6465407417138154e-07,-2.5823776233103105e-08,2.0918923647904904e-09,-6.356009675055112e-11
1352.0,1352.0,1352.0,1.6368347708475383e-07,-3.1428963387540755e-08,2.273735678045609e-09,-4.71300399798084e-10
1360.0,1360.0,1360.0,1.5575036650833386e-07,-3.328607394737991e-08,1.898212907358362e-09,-4.094347777993155e-10
1368.0,1368.0,1368.0,1.4011271214734879e-07,-3.134547113613182e-08,1.9881617566837914e-09,-8.727442304726572e-10
1376.0,1376.0,1376.0,1.1492860413355722e-07,-2.546673335714464e-08,1.6208970540280112e-09,-5.89347764502068e-10
1384.0,1384.0,1384.0,8.744992551499725e-08,-1.5687823363280435e-08,1.3206823029688639e-09,-1.0592837476687298e-09
1392.0,1392.0,1392.0,6.053004636124516e-08,-3.2787125693733013e-09,7.590091884065675e-10,-6.220184994007202e-10
1400.0,1400.0,1400.0,3.578314840753426e-08,9.727020665729308e-09,2.8448853267753746e-10,-1.059712653124621e-09
1408.0,1408.0,1408.0,1.3757621803338703e-08,2.0031925661048814e-08,-4.0065040598134547e-10,-4.580980329835217e-10
1416.0,1416.0,1416.0,-4.978616595585262e-09,2.3541387685685903e-08,-9.249787157791682e-10,-1.149332725334038e-09
1424.0,1424.0,1424.0,-2.088209590689557e-08,2.1965426752190584e-08,-1.336454952508081e-09,-4.3662512409515046e-10
1432.0,1432.0,1432.0,-3.409960528485831e-08,1.5613342662460612e-08,-1.8421664051122115e-09,-1.4665823142168173e-09
1440.0,1440.0,1440.0,-4.524846181691557e-08,5.025235409829749e-09,-2.1414757170979058e-09,-8.314516223076256e-10
1448.0,1448.0,1448.0,-5.582185322759449e-08,-9.15315087776621e-09,-2.7290026074191363e-09,-2.213035728003637e-09
1456.0,1456.0,1456.0,-6.875692407883831e-08,-2.4250688781361632e-08,-2.987390844500944e-09,-1.6112654133340428e-09
1464.0,1464.0,1464.0,-8.458983542261031e-08,-3.799767816460928e-08,-3.751926495666724e-09,-2.981818265585193e-09
1472.0,1472.0,1472.0,-1.026612078686907e-07,-4.9001368763910376e-08,-3.6956496646387378e-09,-2.4607114087223796e-09
1480.0,1480.0,1480.0,-1.2159682363238796e-07,-5.631686085986521e-08,-4.365985716050198e-09,-3.5086458778667328e-09
1488.0,1488.0,1488.0,-1.378383338671219e-07,-5.956290605435126e-08,-3.8417184324595244e-09,-2.7097989662336445e-09
1496.0,1496.0,1496.0,-1.4655355833037582e-07,-5.99483880668445e-08,-4.071233755534132e-09,-3.3292048047658597e-09
1504.0,1504.0,1504.0,-1.4702225035331995e-07,-5.8113300365760475e-08,-3.303696270178824e-09,-2.2185046505675336e-09
1512.0,1512.0,1512.0,-1.3791077033700273e-07,-5.4078077196461905e-08,-2.822355820300453e-09,-1.7549989732281201e-09
1520.0,1520.0,1520.0,-1.1810869096015195e-07,-4.77074095556513e-08,-9.40208975477279e-10,4.2298532579575583e-10
1528.0,1528.0,1528.0,-8.482583724770291e-08,-3.747933861313991e-08,4.698854569951541e-10,2.0822274599836094e-09
1536.0,1536.0,1536.0,-4.610930211498112e-08,-2.492572044871205e-08,3.577033870005256e-09,6.522936637677663e-09
1544.0,1544.0,1544.0,-7.61648124564262e-09,-1.2137009006275584e-08,6.384285095034158e-09,1.071932947405603e-08
1552.0,1552.0,1552.0,2.7528799236691095e-08,2.0486016838431328e-10,1.028491292745775e-08,1.8402688386710476e-08
1560.0,1560.0,1560.0,5.7014625020379574e-08,1.2067010560670482e-08,1.3587943915378318e-08,2.5968576596618376e-08
1568.0,1568.0,1568.0,7.686738412125933e-08,2.606658140928924e-08,1.740758203288767e-08,3.7477663983455486e-08
1576.0,1576.0,1576.0,8.925354738127257e-08,4.324455907880006e-08,2.102394886840608e-08,5.0527410679958886e-08
1584.0,1584.0,1584.0,9.492802065889738e-08,6.349500106558811e-08,2.449668193636915e-08,6.644908546103252e-08
1592.0,1592.0,1592.0,9.471814090647443e-08,8.684713409286158e-08,2.727070197659699e-08,8.68267804877726e-08
1600.0,1600.0,1600.0,8.985877413967483e-08,1.1334199061990243e-07,3.017999069998544e-08,1.0786647302561953e-07
1608.0,1608.0,1608.0,8.348622489247723e-08,1.4202620907458776e-07,3.069987585670127e-08,1.3423086434180484e-07
1616.0,1616.0,1616.0,7.963599051111089e-08,1.7104729958476302e-07,3.167101860918122e-08,1.5965597925367841e-07
1624.0,1624.0,1624.0,7.925894347124961e-08,1.9797793615103045e-07,2.9068918256523406e-08,1.8380238672106402e-07
1632.0,1632.0,1632.0,8.165576056708696e-08,2.191849303767719e-07,2.7906690311417394e-08,2.04433458863876e-07
1640.0,1640.0,1640.0,8.36184641893548e-08,2.2793573332879465e-07,2.334526247595183e-08,2.1620182085880364e-07
1648.0,1648.0,1648.0,7.913995068333645e-08,2.1709955139409065e-07,1.822131228304127e-08,2.169470660124891e-07
1656.0,1656.0,1656.0,6.896125578042876e-08,1.925202454332597e-07,1.0420269642917182e-08,2.0531639459694304e-07
1664.0,1664.0,1664.0,5.3916248295144386e-08,1.562859039421803e-07,5.899721386214647e-10,1.8126120740719863e-07
1672.0,1672.0,1672.0,3.5058880477054605e-08,1.1060060838646146e-07,-1.1445791491983376e-08,1.4661319987682513e-07
1680.0,1680.0,1680.0,1.3388277253623018e-08,5.7015969024941705e-08,-2.487663202608464e-08,1.0363991199083721e-07
1688.0,1688.0,1688.0,-1.0032842183820257e-08,-2.1277959346627876e-09,-3.895613082601355e-08,5.5231894361018075e-08
1696.0,1696.0,1696.0,-3.350462521723776e-08,-6.254176851790318e-08,-5.350079498091554e-08,3.7028266490005374e-09
1704.0,1704.0,1704.0,-5.53200933164036e-08,-1.2113826002782408e-07,-6.554478543144578e-08,-4.676845033641623e-08
1712.0,1712.0,1712.0,-7.348555683386993e-08,-1.7495833135650212e-07,-7.301703684350976e-08,-9.225431174316904e-08
1720.0,1720.0,1720.0,-8.3691319988659e-08,-2.2010874535260084e-07,-7.575598911670238e-08,-1.313443726237993e-07
1728.0,1728.0,1728.0,-8.444613445482686e-08,-2.566612396036288e-07,-7.253437254913769e-08,-1.615244896602136e-07
1736.0,1736.0,1736.0,-7.7176779347481e-08,-2.836882681770925e-07,-6.611315420873606e-08,-1.842061041874563e-07
1744.0,1744.0,1744.0,-6.30360342596556e-08,-2.99843160005806e-07,-5.662035859406822e-08,-1.955083869043086e-07
1752.0,1752.0,1752.0,-4.3708673422205554e-08,-3.04276826767595e-07,-4.630542463670607e-08,-1.9989528230733536e-07
1760.0,1760.0,1760.0,-2.1172133435408808e-08,-2.938877575185855e-07,-3.6325465000392125e-08,-1.9235868533285462e-07
1768.0,1768.0,1768.0,-2.224600719260236e-09,-2.7518523515410837e-07,-2.711883214908489e-08,-1.8047992142717498e-07
1776.0,1776.0,1776.0,9.009810775207698e-09,-2.52443731783577e-07,-1.9891434176159747e-08,-1.604934123682898e-07
1784.0,1784.0,1784.0,1.1108952364605203e-08,-2.273821324736331e-07,-1.4682032173188658e-08,-1.4090590063177473e-07
1792.0,1792.0,1792.0,4.524711982836029e-09,-2.0051004074609227e-07,-1.0542272329047243e-08,-1.1661028715391918e-07
1800.0,1800.0,1800.0,-9.18626110215668e-09,-1.6775599369264252e-07,-8.852519233291946e-09,-9.250490945780643e-08
1808.0,1808.0,1808.0,-2.4057756926467192e-08,-1.287489707898792e-07,-7.515757511742558e-09,-6.583078960226805e-08
1816.0,1816.0,1816.0,-3.7839115194377755e-08,-8.429646610678753e-08,-7.981673493263588e-09,-3.8573312630562465e-08
1824.0,1824.0,1824.0,-4.950419312671447e-08,-3.553826002427682e-08,-7.256013174057556e-09,-1.1811126876090212e-08
1832.0,1832.0,1832.0,-5.9210771483053714e-08,1.553875981729407e-08,-9.357467795306494e-09,1.5445249355878984e-08
1840.0,1840.0,1840.0,-6.485491864173853e-08,6.728576593308913e-08,-8.994819748321647e-09,4.006317931981656e-08
1848.0,1848.0,1848.0,-6.642824263828293e-08,1.157050194410477e-07,-1.1434118812361236e-08,6.281192418692876e-08
1856.0,1856.0,1856.0,-6.562984479217416e-08,1.5731642212820624e-07,-1.1532541610450925e-08,8.219216891588968e-08
1864.0,1864.0,1864.0,-6.441420341775979e-08,1.887775045367729e-07,-1.436051402581654e-08,9.510096716595289e-08
1872.0,1872.0,1872.0,-6.538376293286554e-08,2.052072184183517e-07,-1.5685254970562194e-08,1.0148355881523875e-07
1880.0,1880.0,1880.0,-7.1492849653757e-08,2.0384487088195295e-07,-1.806001291952123e-08,1.0137151184290271e-07
1888.0,1888.0,1888.0,-8.101435320587203e-08,1.911434256557359e-07,-1.913448274273809e-08,9.565274017490992e-08
1896.0,1896.0,1896.0,-9.180390893430645e-08,1.693533484907579e-07,-2.030055722890093e-08,8.737215603501389e-08
1904.0,1904.0,1904.0,-1.0141514360700785e-07,1.4073573890217196e-07,-2.0360923193809213e-08,7.631424560366715e-08
1912.0,1912.0,1912.0,-1.0619477864716335e-07,1.0749660297012005e-07,-1.9726757329175063e-08,6.45930097847062e-08
1920.0,1920.0,1920.0,-1.0408254107731241e-07,7.228415653179594e-08,-1.875704997356748e-08,5.2847173306239934e-08
1928.0,1928.0,1928.0,-9.714225204695961e-08,3.672198666635874e-08,-1.6647318972224915e-08,4.0913133180928815e-08
1936.0,1936.0,1936.0,-8.669378854834025e-08,3.1482876786546227e-09,-1.524826129521602e-08,3.1161213486681397e-08
1944.0,1944.0,1944.0,-7.391242881085866e-08,-2.6050458730561873e-08,-1.306955463574014e-08,2.0926176568524466e-08
1952.0,1952.0,1952.0,-5.7452275913956626e-08,-4.7980726323407016e-08,-1.1401427245391871e-08,1.4747829260532526e-08
1960.0,1960.0,1960.0,-3.789451237441982e-08,-6.550320193029334e-08,-8.78193883371144e-09,7.727788343467213e-09
1968.0,1968.0,1968.0,-1.7651061899364e-08,-7.928315705744103e-08,-6.5253457658552895e-09,4.540871285687715e-09
1976.0,1976.0,1976.0,2.1195874267995497e-09,-8.855656274340424e-08,-4.55774727897216e-09,5.086153004610501e-10
1984.0,1984.0,1984.0,2.0612843408935748e-08,-9.223710848477371e-08,-2.7819113630144135e-09,-7.834197552666247e-10
1992.0,1992.0,1992.0,3.550376480318507e-08,-9.14924439410591e-08,-1.566134076138699e-09,-2.6167664664409674e-09
2000.0,2000.0,2000.0,4.535596067781336e-08,-9.177491069187383e-08,-6.522674220786907e-10,-2.8084887172294873e-09
2008.0,2008.0,2008.0,5.059299272657281e-08,-9.345495940268823e-08,-2.3052347349670777e-10,-3.6117306917813263e-09
2016.0,2016.0,2016.0,5.155253671968153e-08,-9.591421895048237e-08,2.3490763737846255e-10,-3.0716068423665876e-09
2024.0,2024.0,2024.0,4.8891423814709505e-08,-9.751880986916028e-08,2.5686478691055663e-10,-3.6105472957643667e-09
2032.0,2032.0,2032.0,4.4882104989341515e-08,-9.270835949240413e-08,3.0051463207707355e-10,-2.6968022741172315e-09
2040.0,2040.0,2040.0,4.255123550935899e-08,-8.116823635221821e-08,3.9216171516704505e-10,-3.0284246477874796e-09
2048.0,2048.0,2048.0,4.35012424460948e-08,-6.386281210609841e-08,1.441971994678713e-10,-2.1426090489449258e-09
2056.0,2056.0,2056.0,4.842018355911558e-08,-4.229708155865019e-08,3.0524197912374096e-10,-2.1789480762953545e-09
2064.0,2064.0,2064.0,5.700153979196263e-08,-1.8712144093137435e-08,-5.1226345384446585e-11,-1.4774302790395175e-09
2072.0,2072.0,2072.0,6.548755771719008e-08,4.5188040747820245e-09,5.631832296882824e-10,-1.3037133213687764e-09
2080.0,2080.0,2080.0,7.398060209826839e-08,2.5699377858841038e-08,5.340526028062931e-11,-7.415696372091626e-10
2088.0,2088.0,2088.0,8.207444486828317e-08,4.225026987975104e-08,6.12414662801131e-10,-5.02428931461829e-10
2096.0,2096.0,2096.0,8.87495295424173e-08,5.210685796128838e-08,1.4905233194829787e-10,-3.887647436362495e-10
2104.0,2104.0,2104.0,9.085378372516916e-08,5.347589326438831e-08,5.867635377300808e-10,-1.2960289542847e-10
2112.0,2112.0,2112.0,8.821566942626439e-08,4.880909009523313e-08,1.7831618328250874e-10,4.3759948540255555e-13
2120.0,2120.0,2120.0,8.297848684899398e-08,4.204527961592512e-08,2.467422695503399e-10,-1.0848299773837196e-10
2128.0,2128.0,2128.0,7.571053488241098e-08,3.4447140672544235e-08,8.155556183496898e-12,-2.008860518944373e-11
2136.0,2136.0,2136.0,6.697897269969976e-08,2.679528724283307e-08,-2.2303852308953787e-10,-3.1756412795046144e-10
2144.0,2144.0,2144.0,5.78959425719538e-08,1.9150453548949938e-08,-4.18661705119511e-10,-1.6121719024110602e-10
2152.0,2152.0,2152.0,4.7997784429309624e-08,1.3761676665102663e-08,-7.757574172573244e-10,-7.680240150068011e-10
2160.0,2160.0,2160.0,3.548491379519657e-08,1.0656098763423559e-08,-9.679334375861348e-10,-3.151928419012875e-10
2168.0,2168.0,2168.0,1.9487825574137e-08,9.623342137799392e-09,-1.525154033034649e-09,-9.49132157766432e-10
2176.0,2176.0,2176.0,-3.1052364405200375e-10,1.0206962006858498e-08,-1.612811186581068e-09,-4.699969253735261e-10
2184.0,2184.0,2184.0,-2.290310110306425e-08,1.1724275957280504e-08,-2.2126720067690094e-09,-1.2099310350309985e-09
2192.0,2192.0,2192.0,-4.4687404424443304e-08,1.1010172061301986e-08,-2.1367723731327152e-09,-6.418317306554252e-10
2200.0,2200.0,2200.0,-6.548839637603685e-08,7.122474896770692e-09,-2.865716431485184e-09,-1.4184147027150408e-09
2208.0,2208.0,2208.0,-8.511297038235738e-08,1.893999999057923e-10,-2.701760810948657e-09,-9.202758758156885e-10
2216.0,2216.0,2216.0,-1.0338478766883454e-07,-8.730871364366288e-09,-3.331960014118236e-09,-1.7443801611832639e-09
2224.0,2224.0,2224.0,-1.1777761425233393e-07,-1.7466519320946404e-08,-3.240067062193679e-09,-9.582330846589273e-10
2232.0,2232.0,2232.0,-1.2955909373178802e-07,-2.6140335003640947e-08,-3.755320107186115e-09,-2.044354251425504e-09
2240.0,2240.0,2240.0,-1.3881622083449466e-07,-3.4312011765858084e-08,-3.6588417476966944e-09,-1.2524358513107905e-09
2248.0,2248.0,2248.0,-1.4509415216051797e-07,-4.087704397042637e-08,-3.999341271499842e-09,-2.2486973770547496e-09
2256.0,2256.0,2256.0,-1.4720746493401862e-07,-4.377735474333976e-08,-3.749616151824415e-09,-1.3156616059264394e-09
2264.0,2264.0,2264.0,-1.4526581917523032e-07,-3.9678554782233965e-08,-3.899753221454783e-09,-2.2718549116614716e-09
2272.0,2272.0,2272.0,-1.3947809469718178e-07,-3.1813472340731e-08,-3.585666075306707e-09,-1.4093243598584723e-09
2280.0,2280.0,2280.0,-1.2765766058949878e-07,-2.2187243953134425e-08,-3.5321925017941927e-09,-2.016896238221091e-09
2288.0,2288.0,2288.0,-1.0838777476314385e-07,-1.2714924247970707e-08,-2.992846159018649e-09,-1.135838163527639e-09
2296.0,2296.0,2296.0,-8.087807114327157e-08,-5.345031887357773e-09,-2.7273869459348803e-09,-1.5112788659363105e-09
2304.0,2304.0,2304.0,-4.76775834064084e-08,-1.769885503759465e-09,-1.8456016807730277e-09,-8.547841295082804e-10
2312.0,2312.0,2312.0,-1.2195009523154508e-08,-1.5760484617924265e-09,-1.3207426991738748e-09,-1.1797939167325406e-09
2320.0,2320.0,2320.0,2.3783735900320913e-08,-5.218837586999554e-09,-3.6483457440687033e-10,-7.690552865073842e-10
2328.0,2328.0,2328.0,5.8433877709939106e-08,-1.2699793444610194e-08,3.388491072009179e-10,-1.3650598216054203e-09
2336.0,2336.0,2336.0,8.845327868081331e-08,-2.314431766585794e-08,1.0202935033189202e-09,-8.505858792575972e-10
2344.0,2344.0,2344.0,1.1196139687756813e-07,-3.21540269687212e-08,1.4402897209683458e-09,-1.4738676589464388e-09
2352.0,2352.0,2352.0,1.312686460307504e-07,-3.8168407064137264e-08,1.9489863757055474e-09,-1.1673474264837514e-09
2360.0,2360.0,2360.0,1.4657038526749376e-07,-4.02586137112057e-08,2.0357159981035235e-09,-1.688963829076184e-09
2368.0,2368.0,2368.0,1.5768256122704124e-07,-3.8099540270373475e-08,2.47235905625955e-09,-1.4031895670343231e-09
2376.0,2376.0,2376.0,1.6288824571339347e-07,-3.3325324256612496e-08,2.303050601553181e-09,-1.7807438846175219e-09
2384.0,2384.0,2384.0,1.63454759764388e-07,-2.8686745183262145e-08,2.6537107998460677e-09,-1.6243857538701724e-09
2392.0,2392.0,2392.0,1.5882720152844716e-07,-2.338978665908623e-08,2.3993073682904192e-09,-1.6942350149688765e-09
2400.0,2400.0,2400.0,1.4860303626319333e-07,-1.74990926155143e-08,2.451656177984997e-09,-1.3767351892366848e-09
2408.0,2408.0,2408.0,1.3266309914812943e-07,-1.1513955371361165e-08,2.2080961752366513e-09,-1.4872230322803717e-09
2416.0,2416.0,2416.0,1.1401747656079484e-07,-7.461782960529508e-09,1.976747125937581e-09,-1.1661379063781153e-09
2424.0,2424.0,2424.0,9.537164968476682e-08,-4.920338205763116e-09,1.7562201693733899e-09,-1.4357866336829133e-09
2432.0,2432.0,2432.0,7.660086801658801e-08,-3.49550453725932e-09,1.2117793773050744e-09,-8.729041670155512e-10
2440.0,2440.0,2440.0,5.782132881468233e-08,-2.6218647797468555e-09,9.911239003046289e-10,-1.3244955799127807e-09
2448.0,2448.0,2448.0,3.935495880380879e-08,-1.4937985746006158e-09,3.3463672390226095e-10,-5.426124418621015e-10
2456.0,2456.0,2456.0,2.1019998838997968e-08,2.810646180552854e-09,1.7664004159295645e-10,-1.0416820759210173e-09
2464.0,2464.0,2464.0,2.2784106299144243e-09,1.0356331985885028e-08,-4.0215909310248426e-10,-2.619975193332779e-10
2472.0,2472.0,2472.0,-1.6246778732617522e-08,2.0370734427112796e-08,-6.573144952106471e-10,-6.739127415522982e-10
2480.0,2480.0,2480.0,-3.371084121322434e-08,3.1572333730201915e-08,-9.242660573600962e-10,-5.649682777475101e-11
2488.0,2488.0,2488.0,-4.8710488544536684e-08,4.1817148281548376e-08,-1.1959945477245127e-09,-4.244897709024954e-10
2496.0,2496.0,2496.0,-5.9505597699821835e-08,4.751379225843017e-08,-1.0494859544107675e-09,-8.317590633512139e-11
2504.0,2504.0,2504.0,-6.737990001262105e-08,4.7727085782440946e-08,-1.4404923296560876e-09,-4.832472143507571e-10
2512.0,2512.0,2512.0,-7.119302374001773e-08,4.130846405885337e-08,-8.58800603141935e-10,-2.3366416015756123e-10
2520.0,2520.0,2520.0,-6.984886864937204e-08,2.8171537162422542e-08,-1.4846159994309708e-09,-5.963231061794047e-10
2528.0,2528.0,2528.0,-6.125085751199102e-08,9.63954680080505e-09,-7.79039224397202e-10,-3.711992760114296e-10
2536.0,2536.0,2536.0,-4.98565911229062e-08,-8.274702775932139e-09,-1.485520178500147e-09,-1.0374298134869933e-09
2544.0,2544.0,2544.0,-3.943963109122328e-08,-2.3908282115084813e-08,-8.315609066785841e-10,-6.819448068166133e-10
2552.0,2552.0,2552.0,-3.1361080405116454e-08,-3.6672745027211246e-08,-1.5267886785833452e-09,-1.5700832655439616e-09
2560.0,2560.0,2560.0,-2.651811586999315e-08,-4.635262607692824e-08,-7.225145925280718e-10,-1.0890925088526013e-09
2568.0,2568.0,2568.0,-2.6236278113313497e-08,-5.280528337204732e-08,-1.2953441209600783e-09,-2.0560119789968904e-09
2576.0,2576.0,2576.0,-2.7960240829191092e-08,-5.649784451420227e-08,-4.327517449472207e-10,-1.3555785414218409e-09
2584.0,2584.0,2584.0,-2.860879829467658e-08,-5.8199553202540035e-08,-1.1257279732092656e-09,-2.186190076877847e-09
2592.0,2592.0,2592.0,-2.7092607932068517e-08,-5.8636532093836024e-08,-3.4162558962550415e-10,-1.562441591604804e-09
2600.0,2600.0,2600.0,-2.2952243285874143e-08,-5.866441212447295e-08,-9.950284015582006e-10,-2.220773834270128e-09
2608.0,2608.0,2608.0,-1.686801796137306e-08,-5.960837104067915e-08,-4.043494005373382e-10,-1.4596398586511103e-09
2616.0,2616.0,2616.0,-9.229661025474853e-09,-6.277378671347362e-08,-8.791902443532256e-10,-2.0832221913601593e-09
2624.0,2624.0,2624.0,-6.338173054509882e-10,-6.703402850258304e-08,-4.70119943791104e-10,-1.25864641239213e-09
2632.0,2632.0,2632.0,8.053698025746108e-09,-7.097179521307211e-08,-5.371912734603034e-10,-1.8597485047934877e-09
2640.0,2640.0,2640.0,1.5705589759587294e-08,-7.281522111845961e-08,-3.911611877708209e-10,-8.79633093856449e-10
2648.0,2648.0,2648.0,2.215809115017716e-08,-7.063813801649479e-08,-1.3518244636788718e-10,-1.514045667328035e-09
2656.0,2656.0,2656.0,2.9728004653748656e-08,-6.450899874753628e-08,-1.7322511500121364e-10,-4.788398873903767e-10
2664.0,2664.0,2664.0,3.844500589103371e-08,-5.3616943855175225e-08,1.72085147131668e-10,-7.427378291745132e-10
2672.0,2672.0,2672.0,4.7974431006037974e-08,-3.787220996271576e-08,2.6434133728921318e-11,2.8277956787656934e-10
2680.0,2680.0,2680.0,5.751959979048308e-08,-1.788752337401686e-08,6.042157309703984e-10,3.2024676105648236e-10
2688.0,2688.0,2688.0,6.64993458556381e-08,4.782305577220474e-09,7.212035160777094e-10,1.299995300748201e-09
2696.0,2696.0,2696.0,7.576558530927602e-08,2.7697888450653267e-08,1.3820187231712918e-09,1.3443771873995844e-09
2704.0,2704.0,2704.0,8.686222457608522e-08,4.819929372131961e-08,1.5989000673606925e-09,1.9812747413062726e-09
2712.0,2712.0,2712.0,1.0096414943613791e-07,6.392104513576658e-08,2.5181450916772235e-09,1.8333126070585786e-09
2720.0,2720.0,2720.0,1.1925532038830983e-07,7.165686121848342e-08,2.620284902384066e-09,2.334703252996016e-09
2728.0,2728.0,2728.0,1.400527050316586e-07,6.940730401451004e-08,3.3875950829678034e-09,1.7582049281105222e-09
2736.0,2736.0,2736.0,1.6033763686352015e-07,6.048896282978983e-08,3.059397568923015e-09,2.1396436708791456e-09
2744.0,2744.0,2744.0,1.775733341529564e-07,4.7206294766650236e-08,3.296275348988997e-09,1.6045763026282983e-09
2752.0,2752.0,2752.0,1.894903000443102e-07,3.224423386692256e-08,3.1513960252056996e-09,1.9245878208862645e-09
2760.0,2760.0,2760.0,1.933812900200187e-07,1.9674056222284636e-08,2.961972358219571e-09,1.1940158370079097e-09
2768.0,2768.0,2768.0,1.873030777719286e-07,1.4860196105954362e-08,3.0913102852486233e-09,1.2005854993081946e-09
2776.0,2776.0,2776.0,1.7087685830221137e-07,1.673552061561957e-08,2.9965515795964545e-09,4.859082173833561e-10
2784.0,2784.0,2784.0,1.448993252591909e-07,2.2985977800383723e-08,2.7740487683253547e-09,7.951322510239182e-10
2792.0,2792.0,2792.0,1.1109614824453878e-07,3.062802268480043e-08,2.144823296461043e-09,4.407255560137958e-11
2800.0,2800.0,2800.0,7.414329653852391e-08,3.518183270240781e-08,1.483037802073884e-09,3.6654776022216643e-10
2808.0,2808.0,2808.0,3.821776966369535e-08,3.430784803972459e-08,4.202256644282676e-10,-3.959141339043827e-10
2816.0,2816.0,2816.0,4.3647082397138885e-09,2.8545052158294528e-08,-5.286426484425603e-10,-2.08326818151627e-10
2824.0,2824.0,2824.0,-2.6654650605451293e-08,1.8536181639844506e-08,-1.5848975558300918e-09,-1.1983036315625453e-09
2832.0,2832.0,2832.0,-5.425666314666012e-08,5.2881576463019176e-09,-2.6075385311173503e-09,-8.356788526566799e-10
2840.0,2840.0,2840.0,-7.732882927160442e-08,-1.0569011971813194e-08,-3.3922271946912007e-09,-1.8953678177008933e-09
2848.0,2848.0,2848.0,-9.82587005086702e-08,-2.6764988003984305e-08,-4.561338795163324e-09,-1.5347203215067833e-09
2856.0,2856.0,2856.0,-1.1827521850141869e-07,-4.1469567197707334e-08,-5.204183233256318e-09,-2.2112608019787677e-09
2864.0,2864.0,2864.0,-1.3837273158509968e-07,-5.311023263117744e-08,-6.1545685072763705e-09,-1.792511652562433e-09
2872.0,2872.0,2872.0,-1.595110633057708e-07,-6.015564969838042e-08,-6.726213295686855e-09,-2.429581575054215e-09
2880.0,2880.0,2880.0,-1.8167614999969388e-07,-5.96337942309765e-08,-7.361511484164603e-09,-2.0219681754374475e-09
2888.0,2888.0,2888.0,-2.0275500145446316e-07,-5.445304909327924e-08,-7.684128355266267e-09,-2.4659080023618736e-09
2896.0,2896.0,2896.0,-2.2111657674161793e-07,-4.4996348065132095e-08,-7.837066666405265e-09,-2.0139421161935192e-09
2904.0,2904.0,2904.0,-2.3535121936417231e-07,-3.178456011459036e-08,-7.823878621639318e-09,-2.3457753305794522e-09
2912.0,2912.0,2912.0,-2.438697998319312e-07,-1.539335465172584e-08,-7.867847058887275e-09,-1.6155778199722224e-09
2920.0,2920.0,2920.0,-2.448060441619507e-07,-8.935001969274146e-10,-7.582479946227456e-09,-2.0374428759652962e-09
2928.0,2928.0,2928.0,-2.381922084637222e-07,8.802426167254342e-09,-7.969045226397771e-09,-7.906345397567343e-10
2936.0,2936.0,2936.0,-2.2303162196211247e-07,1.3447686287283061e-08,-7.834586977988126e-09,-1.3764461442555406e-09
2944.0,2944.0,2944.0,-1.99050344271249e-07,1.3261911256681987e-08,-7.778129378346533e-09,-5.670241847261506e-11
2952.0,2952.0,2952.0,-1.6660777296308308e-07,8.366761040417838e-09,-7.563684714428283e-09,-7.92131508838097e-10
2960.0,2960.0,2960.0,-1.3189360815214304e-07,1.8620232325149009e-09,-6.957964034349433e-09,5.705033085358067e-10
2968.0,2968.0,2968.0,-9.948076622489156e-08,-3.1493474262518656e-09,-6.657008484775694e-09,-2.138408908687827e-10
2976.0,2976.0,2976.0,-7.15049779509257e-08,-5.365924774277298e-09,-5.840651377705404e-09,1.2598492124749554e-09
2984.0,2984.0,2984.0,-4.997367004832288e-08,-3.810319797878933e-09,-5.650548652414257e-09,4.742793019097704e-10
2992.0,2992.0,2992.0,-3.926665232805829e-08,2.714680054802177e-09,-4.752143090835906e-09,1.7254984090904033e-09
3000.0,3000.0,3000.0,-3.615638385045733e-08,1.1806822029477695e-08,-4.816029339693559e-09,9.387572825496031e-10
3008.0,3008.0,3008.0,-3.6526071121336356e-08,2.1286646656116373e-08,-3.5733260974194667e-09,1.659577673326819e-09
3016.0,3016.0,3016.0,-3.783574980695417e-08,2.941294848031128e-08,-3.820664936994825e-09,9.652045203230054e-10
3024.0,3024.0,3024.0,-3.751828786535057e-08,3.43611673887136e-08,-2.6162318886263786e-09,1.37833136265479e-09
3032.0,3032.0,3032.0,-3.0212281753595293e-08,3.233834106636323e-08,-2.8833548113575e-09,6.938996853966592e-10
3040.0,3040.0,3040.0,-1.7783764877815494e-08,2.53662394480247e-08,-1.895629058587658e-09,9.606611129007088e-10
3048.0,3048.0,3048.0,-3.5518788086180614e-09,1.5688867654825213e-08,-2.0369371942487933e-09,3.0736991634688333e-10
3056.0,3056.0,3056.0,1.0905062840515678e-08,4.634005761826544e-09,-1.2642548594296331e-09,6.638990255614005e-10
3064.0,3064.0,3064.0,2.4809412981914033e-08,-6.714208646937868e-09,-1.0367688152432785e-09,-1.9557362186174437e-10
3072.0,3072.0,3072.0,3.794413302285384e-08,-1.5505382807998018e-08,-7.069154875779401e-10,5.173766562008936e-10
3080.0,3080.0,3080.0,4.958977396121296e-08,-2.0007205385137468e-08,-3.842858904330781e-10,-2.291371117907945e-10
3088.0,3088.0,3088.0,5.7867433547181795e-08,-2.0242705896528404e-08,-3.970719098343766e-10,5.851422482267207e-10
3096.0,3096.0,3096.0,6.106162166964245e-08,-1.647949715456484e-08,-8.39219128673913e-11,-5.138221841354729e-11
3104.0,3104.0,3104.0,5.728429147174453e-08,-9.25086941746534e-09,-7.521490006201132e-11,7.439950614421051e-10
3112.0,3112.0,3112.0,4.70796626568059e-08,1.946555575454357e-09,-5.96424074522135e-12,5.830491711219087e-10
3120.0,3120.0,3120.0,3.5033847048080285e-08,1.4660017378460891e-08,6.993209587988137e-11,1.2772749876255985e-09
3128.0,3128.0,3128.0,2.2837217999428403e-08,2.7404680415377953e-08,9.87839993157623e-11,1.241978739814816e-09
3136.0,3136.0,3136.0,1.2047581630720262e-08,3.923082923045915e-08,5.112169152920599e-11,1.7932720231434607e-09
3144.0,3144.0,3144.0,4.596981124148856e-09,4.999988351330276e-08,3.277419174982959e-11,1.7054352769874263e-09
3152.0,3152.0,3152.0,2.165708959356046e-09,5.8732961733160066e-08,-8.202717093581494e-11,2.1573631950269003e-09
3160.0,3160.0,3160.0,4.39412984358358e-09,6.388728374116576e-08,1.554093370267318e-10,1.9859150850576127e-09
3168.0,3168.0,3168.0,1.088970893239785e-08,6.565226816428882e-08,-9.89711624510752e-11,2.4034880624815096e-09
3176.0,3176.0,3176.0,2.067315426965698e-08,6.468710085609213e-08,3.0089275936060166e-10,2.100400921672225e-09
3184.0,3184.0,3184.0,3.0612717160846835e-08,6.262241416764951e-08,9.012217341376628e-11,2.5180108592215802e-09
3192.0,3192.0,3192.0,3.732828325239246e-08,6.180314661869992e-08,4.6496837430444155e-10,2.1922696815146634e-09
3200.0,3200.0,3200.0,4.11231715258901e-08,6.220482119815775e-08,4.224281099043233e-10,2.334772469230966e-09
3208.0,3208.0,3208.0,4.244148409681507e-08,6.297269938866956e-08,6.588737925035788e-10,2.0362835040298848e-09
3216.0,3216.0,3216.0,4.1875547967782254e-08,6.294671709247438e-08,7.786898672113321e-10,1.984723961014421e-09
3224.0,3224.0,3224.0,3.951427172858599e-08,6.038198544266216e-08,6.635601684111723e-10,1.8586996772333119e-09
3232.0,3232.0,3232.0,3.589662540072443e-08,5.3638507064370116e-08,9.308043875540263e-10,1.8097790871755995e-09
3240.0,3240.0,3240.0,3.383484982616339e-08,4.347633804155845e-08,5.625557055581931e-10,1.7691659573170122e-09
3248.0,3248.0,3248.0,3.497002833545188e-08,3.156730177712128e-08,7.548825903991031e-10,1.8650185146821885e-09
3256.0,3256.0,3256.0,4.0355935769558996e-08,2.044160916369241e-08,4.3148376064313173e-10,1.6506581870502119e-09
3264.0,3264.0,3264.0,4.8382083717788186e-08,1.321415877458934e-08,1.9491491262579935e-10,1.8557317791589778e-09
3272.0,3272.0,3272.0,5.554873537251396e-08,8.44359106121227e-09,1.579979633136528e-10,1.4101245465746532e-09
3280.0,3280.0,3280.0,5.970337603516733e-08,6.164649885496943e-09,-2.636688730065776e-10,1.955689766459765e-09
3288.0,3288.0,3288.0,5.996665577685303e-08,6.605752854791843e-09,-1.4934413843881572e-10,1.369069491215979e-09
3296.0,3296.0,3296.0,5.6428940088310745e-08,1.0072593806754515e-08,-6.488967846372845e-10,2.220629857781409e-09
3304.0,3304.0,3304.0,5.14858687173814e-08,1.6329350340901396e-08,-6.160710692125611e-10,1.8031329846158432e-09
3312.0,3312.0,3312.0,4.469178856732499e-08,2.4070387881342133e-08,-1.369367944229058e-09,2.8526476671241265e-09
3320.0,3320.0,3320.0,3.435567578607272e-08,3.302125397646601e-08,-1.6469813265693517e-09,2.5802297024193348e-09
3328.0,3328.0,3328.0,1.9331383443104517e-08,4.275282275363358e-08,-2.388615979999208e-09,3.550548916103829e-09
3336.0,3336.0,3336.0,-1.185828833217666e-09,5.2565389309742766e-08,-2.745012221762715e-09,3.24123231414905e-09
3344.0,3344.0,3344.0,-2.454849600024857e-08,6.14048858108299e-08,-3.26895946426703e-09,4.077457168659097e-09
3352.0,3352.0,3352.0,-4.619978587812228e-08,6.88519989615637e-08,-3.5290592911587164e-09,3.535955042565889e-09
3360.0,3360.0,3360.0,-6.52921071977462e-08,7.453593403130595e-08,-3.768613656310189e-09,4.271968228914046e-09
3368.0,3368.0,3368.0,-8.126069311405659e-08,7.828159410570173e-08,-4.1051399666265265e-09,3.7031582821262442e-09
3376.0,3376.0,3376.0,-9.327409939677089e-08,8.028234918513272e-08,-4.101223873333606e-09,4.371367446318126e-09
3384.0,3384.0,3384.0,-1.0077056977104453e-07,8.267239249797692e-08,-4.132978669123164e-09,3.6284514525388446e-09
3392.0,3392.0,3392.0,-1.0478608983346221e-07,8.578073098502665e-08,-3.8156477679643755e-09,4.046889800900185e-09
3400.0,3400.0,3400.0,-1.0513557402776322e-07,8.868825368642045e-08,-3.5341957405940548e-09,3.2094983504302055e-09
3408.0,3408.0,3408.0,-1.0172464097757623e-07,9.001453351638975e-08,-2.785962528765828e-09,3.3742927978140747e-09
3416.0,3416.0,3416.0,-9.46207059517379e-08,8.668434826029582e-08,-2.0903675916147487e-09,2.1744958931827126e-09
3424.0,3424.0,3424.0,-8.556868469724953e-08,7.859489232117183e-08,-7.281854517774291e-10,1.8943604862815733e-09
3432.0,3432.0,3432.0,-7.265500502261664e-08,6.779214384395551e-08,8.419008377767974e-11,6.09743957735599e-10
3440.0,3440.0,3440.0,-5.466724578835578e-08,5.4260119926393925e-08,1.9114859604128642e-09,4.144742069053248e-12
3448.0,3448.0,3448.0,-3.114980826396712e-08,3.758139694357017e-08,3.146972234189433e-09,-1.7682555622267362e-09
3456.0,3456.0,3456.0,-4.922206708105624e-09,1.6781942533195705e-08,5.100828610425876e-09,-2.759137541710181e-09
3464.0,3464.0,3464.0,2.0376476014602235e-08,-4.181430033588121e-09,6.32927902031967e-09,-4.501322607442338e-09
3472.0,3472.0,3472.0,4.478598447106677e-08,-2.3842044194244567e-08,7.836933609953613e-09,-5.155942877507616e-09
3480.0,3480.0,3480.0,6.883980077615777e-08,-4.088024001327513e-08,8.694221703961435e-09,-6.630330666219601e-09
3488.0,3488.0,3488.0,9.338632915372738e-08,-5.404758979697444e-08,9.703469673787022e-09,-6.683579454969098e-09
3496.0,3496.0,3496.0,1.166370812288699e-07,-6.046195909012741e-08,1.0246896414413208e-08,-7.770019654818612e-09
3504.0,3504.0,3504.0,1.3560501761427738e-07,-6.441775158980384e-08,1.0714719538407909e-08,-7.464845946926613e-09
3512.0,3512.0,3512.0,1.505794433559767e-07,-6.776499495180038e-08,1.0620632499035666e-08,-8.2290335009108e-09
3520.0,3520.0,3520.0,1.6152513478240343e-07,-7.109969068720484e-08,1.1131434200918311e-08,-7.57747218522894e-09
3528.0,3528.0,3528.0,1.6795526118504286e-07,-7.370305440415107e-08,1.078616749293327e-08,-8.353486307357633e-09
3536.0,3536.0,3536.0,1.6849357264430557e-07,-7.484852261236726e-08,1.1189847327197812e-08,-7.664539488773154e-09
3544.0,3544.0,3544.0,1.6453628561155605e-07,-7.677444351777859e-08,1.0190353470481918e-08,-7.797259267281677e-09
3552.0,3552.0,3552.0,1.5379109816172685e-07,-7.970145428532335e-08,1.0203596619434912e-08,-7.172496730566503e-09
3560.0,3560.0,3560.0,1.3469761024614298e-07,-8.32422128001943e-08,8.750230406079276e-09,-7.543584454199275e-09
3568.0,3568.0,3568.0,1.0553008775091401e-07,-8.588145068691302e-08,8.150382353934675e-09,-6.780968713550505e-09
3576.0,3576.0,3576.0,7.326113495208467e-08,-8.59453769199064e-08,6.0284558551953006e-09,-6.915318769592898e-09
3584.0,3584.0,3584.0,4.106770983362905e-08,-8.44619883326418e-08,4.9001015290710535e-09,-6.472913459877289e-09
3592.0,3592.0,3592.0,8.314333438455805e-09,-8.165246506790061e-08,2.1897486649572393e-09,-6.4157233777493326e-09
3600.0,3600.0,3600.0,-2.5681610118529618e-08,-7.736154234264678e-08,8.69674272051886e-10,-5.433809772708442e-09
3608.0,3608.0,3608.0,-6.049651075941078e-08,-6.989075858356466e-08,-2.2093617235324716e-09,-6.25238784731766e-09
3616.0,3616.0,3616.0,-9.455943009574107e-08,-5.859022307264311e-08,-2.8291218752673795e-09,-3.508903590741522e-09
3624.0,3624.0,3624.0,-1.273168747927239e-07,-4.589903528924427e-08,-4.948550877529167e-09,-5.44101094915236e-09
3632.0,3632.0,3632.0,-1.579752424125282e-07,-3.322667163374268e-08,-7.497800938790156e-09,-2.5259645102197234e-09
3640.0,3640.0,3640.0,-1.8576704183795608e-07,-2.204014937383159e-08,-8.201764320347368e-09,-3.097758483136605e-09
3648.0,3648.0,3648.0,-2.0956605100612107e-07,-1.5129474140000866e-08,-7.498081835743642e-09,-1.135863951615175e-09
